1 -29.966089 -51.116258
2 -29.966145 -51.115943
3 -29.966158 -51.116544
4 -29.96624 -51.11676
5 -29.966273 -51.115704
6 -29.966466 -51.115527
7 -29.966511 -51.117122
8 -29.96661 -51.115414
9 -29.966778 -51.117421
10 -29.966928 -51.114289
11 -29.966959 -51.113955
12 -29.96701 -51.117589
13 -29.967022 -51.114572
14 -29.96704 -51.115152
15 -29.96714 -51.113661
16 -29.967154 -51.11475
17 -29.967183 -51.117641
18 -29.967307 -51.114905
19 -29.967313 -51.136173
20 -29.967353 -51.133348
21 -29.967369 -51.113522
22 -29.967371 -51.139017
23 -29.967439 -51.131434
24 -29.96745 -51.117625
25 -29.96761 -51.117581
26 -29.967615 -51.115128
27 -29.967674 -51.113494
28 -29.967721 -51.117524
29 -29.967839 -51.11741
30 -29.967875 -51.11355
31 -29.968 -51.113642
32 -29.968046 -51.120448
33 -29.968068 -51.155908
34 -29.968072 -51.120098
35 -29.968154 -51.113852
36 -29.968209 -51.159421
37 -29.96826 -51.116705
38 -29.968288 -51.11622
39 -29.96833 -51.161695
40 -29.968349 -51.115081
41 -29.968384 -51.119306
42 -29.968387 -51.114463
43 -29.968485 -51.163736
44 -29.968541 -51.118972

